1654250400;3.5000000000e+01;
1654251000;3.5720784523e+01;
1654251600;3.5279304547e+01;
1654252200;3.5720452503e+01;
1654252800;3.5279617178e+01;
1654253400;3.5500038042e+01;
1654254000;3.5500040197e+01;
1654254600;3.5500032765e+01;
1654255200;3.5000000000e+01;
1654255800;3.5000000000e+01;
1654256400;3.5721533005e+01;
1654257000;3.6000000000e+01;
1654257600;3.6000000000e+01;
1654258200;3.5778898400e+01;
1654258800;3.5500032745e+01;
1654259400;3.5000000000e+01;
1654260000;3.5220898807e+01;
1654260600;3.5279133213e+01;
1654261200;3.5000000000e+01;
1654261800;3.5000000000e+01;
1654262400;3.5000000000e+01;
1654263000;3.5220551700e+01;
1654263600;3.5279483112e+01;
1654264200;3.5000000000e+01;
1654264800;3.5500033435e+01;
1654265400;3.5000000000e+01;
1654266000;3.5000000000e+01;
1654266600;3.5000000000e+01;
1654267200;3.5000000000e+01;
1654267800;3.5000000000e+01;
1654268400;3.5000000000e+01;
1654269000;3.5000000000e+01;
1654269600;3.5000000000e+01;
1654270200;3.5000000000e+01;
1654270800;3.5721067315e+01;
1654271400;3.5279038328e+01;
1654272000;3.5720863197e+01;
1654272600;3.5279233152e+01;
1654273200;3.5000000000e+01;
1654273800;3.5000000000e+01;
1654274400;3.5000000000e+01;
1654275000;3.5500050695e+01;
1654275600;3.5000000000e+01;
1654276200;3.5500033242e+01;
1654276800;3.5219947947e+01;
1654277400;3.5278427232e+01;
1654278000;3.5500032567e+01;
1654278600;3.5000000000e+01;
1654279200;3.5000000000e+01;
1654279800;3.5000000000e+01;
1654280400;3.5000000000e+01;
1654281000;3.5000000000e+01;
1654281600;3.5000000000e+01;
1654282200;3.5000000000e+01;
1654282800;3.5000000000e+01;
1654283400;3.5000000000e+01;
1654284000;3.5000000000e+01;
1654284600;3.5000000000e+01;
1654285200;3.5000000000e+01;
1654285800;3.5000000000e+01;
1654286400;3.5000000000e+01;
1654287000;3.5000000000e+01;
1654287600;3.5000000000e+01;
1654288200;3.5000000000e+01;
1654288800;3.5000000000e+01;
1654289400;3.5000000000e+01;
1654290000;3.5000000000e+01;
1654290600;3.5000000000e+01;
1654291200;3.5000000000e+01;
1654291800;3.5000000000e+01;
1654292400;3.5000000000e+01;
1654293000;3.5000000000e+01;
1654293600;3.5000000000e+01;
1654294200;3.5000000000e+01;
1654294800;3.5000000000e+01;
1654295400;3.5000000000e+01;
1654296000;3.5000000000e+01;
1654296600;3.5000000000e+01;
1654297200;3.5000000000e+01;
1654297800;3.5000000000e+01;
1654298400;3.5000000000e+01;
1654299000;3.5000000000e+01;
1654299600;3.5000000000e+01;
1654300200;3.5000000000e+01;
1654300800;3.5000000000e+01;
1654301400;3.5000000000e+01;
1654302000;3.5000000000e+01;
1654302600;3.4778513542e+01;
1654303200;3.4500045345e+01;
1654303800;3.4000000000e+01;
1654304400;3.4721209642e+01;
1654305000;3.5000000000e+01;
1654305600;3.4499934543e+01;
1654306200;3.5000000000e+01;
1654306800;3.4779392202e+01;
1654307400;3.4000000000e+01;
1654308000;3.4220361382e+01;
1654308600;3.4279701498e+01;
1654309200;3.4220159482e+01;
1654309800;3.4279893535e+01;
1654310400;3.4000000000e+01;
1654311000;3.4221559692e+01;
1654311600;3.4278471507e+01;
1654312200;3.4500038028e+01;
1654312800;3.4721397850e+01;
1654313400;3.4278665660e+01;
1654314000;3.4500025607e+01;
1654314600;3.4721208183e+01;
1654315200;3.5000000000e+01;
1654315800;3.5000000000e+01;
1654316400;3.4499969133e+01;
1654317000;3.4499971067e+01;
1654317600;3.5000000000e+01;
1654318200;3.4779358000e+01;
1654318800;3.4500036735e+01;
1654319400;3.4220510125e+01;
1654320000;3.4499962548e+01;
1654320600;3.5000000000e+01;
1654321200;3.5000000000e+01;
1654321800;3.4279727522e+01;
1654322400;3.4720203050e+01;
1654323000;3.4499959782e+01;
1654323600;3.4499970805e+01;
1654324200;3.5000000000e+01;
1654324800;3.5000000000e+01;
1654325400;3.5000000000e+01;
1654326000;3.5000000000e+01;
1654326600;3.5000000000e+01;
1654327200;3.5000000000e+01;
1654327800;3.5000000000e+01;
1654328400;3.5000000000e+01;
1654329000;3.5000000000e+01;
1654329600;3.5000000000e+01;
1654330200;3.5000000000e+01;
1654330800;3.5000000000e+01;
1654331400;3.5000000000e+01;
1654332000;3.5000000000e+01;
1654332600;3.5000000000e+01;
1654333200;3.5000000000e+01;
1654333800;3.5000000000e+01;
1654334400;3.5000000000e+01;
1654335000;3.5000000000e+01;
1654335600;3.5000000000e+01;
1654336200;3.5000000000e+01;
1654336800;3.5000000000e+01;
1654337400;3.5000000000e+01;
1654338000;3.5000000000e+01;
1654338600;3.5000000000e+01;
1654339200;3.5000000000e+01;
1654339800;3.5000000000e+01;
1654340400;3.5000000000e+01;
1654341000;3.5000000000e+01;
1654341600;3.5000000000e+01;
1654342200;3.5500020683e+01;
1654342800;3.5000000000e+01;
1654343400;3.5720109487e+01;
1654344000;3.6000000000e+01;
1654344600;3.5280012248e+01;
1654345200;3.5221530595e+01;
1654345800;3.5778577812e+01;
1654346400;3.5000000000e+01;
1654347000;3.5221303495e+01;
1654347600;3.5278730562e+01;
1654348200;3.5721208772e+01;
1654348800;3.6000000000e+01;
1654349400;3.5499971062e+01;
1654350000;3.5779018758e+01;
1654350600;3.5500039445e+01;
1654351200;3.5720881992e+01;
1654351800;3.5279191610e+01;
1654352400;3.5720748340e+01;
1654353000;3.5779355765e+01;
1654353600;3.5720607555e+01;
1654354200;3.6000000000e+01;
1654354800;3.6000000000e+01;
1654355400;3.6000000000e+01;
1654356000;3.5779844987e+01;
1654356600;3.5500085998e+01;
1654357200;3.5221565578e+01;
1654357800;3.5499965702e+01;
1654358400;3.5278583502e+01;
1654359000;3.5000000000e+01;
1654359600;3.5221252938e+01;
1654360200;3.5499966933e+01;
1654360800;3.5499969668e+01;
1654361400;3.6000000000e+01;
1654362000;3.6000000000e+01;
1654362600;3.5779243265e+01;
1654363200;3.5720724933e+01;
1654363800;3.5779373442e+01;
1654364400;3.5000000000e+01;
1654365000;3.5220509737e+01;
1654365600;3.5279521225e+01;
1654366200;3.5000000000e+01;
1654366800;3.5000000000e+01;
1654367400;3.5000000000e+01;
1654368000;3.5000000000e+01;
1654368600;3.5000000000e+01;
1654369200;3.5498391595e+01;
1654369800;3.5000000000e+01;
1654370400;3.5000000000e+01;
1654371000;3.5500053885e+01;
1654371600;3.5000000000e+01;
1654372200;3.5000000000e+01;
1654372800;3.5000000000e+01;
1654373400;3.5000000000e+01;
1654374000;3.5000000000e+01;
1654374600;3.5000000000e+01;
1654375200;3.5000000000e+01;
1654375800;3.5000000000e+01;
1654376400;3.5000000000e+01;
1654377000;3.5000000000e+01;
1654377600;3.5000000000e+01;
1654378200;3.5000000000e+01;
1654378800;3.5000000000e+01;
1654379400;3.5000000000e+01;
1654380000;3.5000000000e+01;
1654380600;3.5000000000e+01;
1654381200;3.5000000000e+01;
1654381800;3.5000000000e+01;
1654382400;3.5000000000e+01;
1654383000;3.5000000000e+01;
1654383600;3.5000000000e+01;
1654384200;3.5000000000e+01;
1654384800;3.5000000000e+01;
1654385400;3.5000000000e+01;
1654386000;3.5000000000e+01;
1654386600;3.5000000000e+01;
1654387200;3.5000000000e+01;
1654387800;3.5000000000e+01;
1654388400;3.5000000000e+01;
1654389000;3.5000000000e+01;
1654389600;3.5000000000e+01;
1654390200;3.5000000000e+01;
1654390800;3.5000000000e+01;
1654391400;3.5000000000e+01;
1654392000;3.5000000000e+01;
1654392600;3.5000000000e+01;
1654393200;3.5000000000e+01;
1654393800;3.5000000000e+01;
1654394400;3.4779094347e+01;
1654395000;3.4500034737e+01;
1654395600;3.4500029560e+01;
1654396200;3.4500028895e+01;
1654396800;3.4220648348e+01;
1654397400;3.4779414873e+01;
1654398000;3.4720541650e+01;
1654398600;3.5000000000e+01;
1654399200;3.5000000000e+01;
1654399800;3.4779690172e+01;
1654400400;3.4500030665e+01;
1654401000;3.4720201603e+01;
1654401600;3.5000000000e+01;
1654402200;3.5000000000e+01;
1654402800;3.5000000000e+01;
1654403400;3.5000000000e+01;
1654404000;3.5000000000e+01;
1654404600;3.5000000000e+01;
1654405200;3.5000000000e+01;
1654405800;3.5000000000e+01;
1654406400;3.5000000000e+01;
1654407000;3.5000000000e+01;
1654407600;3.5000000000e+01;
1654408200;3.5000000000e+01;
1654408800;3.5000000000e+01;
1654409400;3.5000000000e+01;
1654410000;3.5000000000e+01;
1654410600;3.5000000000e+01;
1654411200;3.5000000000e+01;
1654411800;3.5000000000e+01;
1654412400;3.5000000000e+01;
1654413000;3.5000000000e+01;
1654413600;3.5000000000e+01;
1654414200;3.5000000000e+01;
1654414800;3.5000000000e+01;
1654415400;3.5000000000e+01;
1654416000;3.5000000000e+01;
1654416600;3.5000000000e+01;
1654417200;3.5000000000e+01;
1654417800;3.5000000000e+01;
1654418400;3.5000000000e+01;
1654419000;3.5000000000e+01;
1654419600;3.5000000000e+01;
1654420200;3.5000000000e+01;
1654420800;3.5000000000e+01;
1654421400;3.5500028440e+01;
1654422000;3.5000000000e+01;
1654422600;3.5220058532e+01;
1654423200;3.5279972617e+01;
1654423800;3.5000000000e+01;
1654424400;3.5000000000e+01;
1654425000;3.5721420023e+01;
1654425600;3.5778743432e+01;
1654426200;3.5000000000e+01;
1654426800;3.5500160602e+01;
1654427400;3.5000000000e+01;
1654428000;3.5000000000e+01;
1654428600;3.5500044865e+01;
1654429200;3.5000000000e+01;
1654429800;3.5000000000e+01;
1654430400;3.5000000000e+01;
1654431000;3.5000000000e+01;
1654431600;3.5000000000e+01;
1654432200;3.5000000000e+01;
1654432800;3.5000000000e+01;
1654433400;3.5221561358e+01;
1654434000;3.5278467765e+01;
1654434600;3.5221436872e+01;
1654435200;3.5278593643e+01;
1654435800;3.5000000000e+01;
1654436400;3.5000000000e+01;
1654437000;3.5000000000e+01;
1654437600;3.5000000000e+01;
1654438200;3.5000000000e+01;
1654438800;3.5000000000e+01;
1654439400;3.5000000000e+01;
1654440000;3.5000000000e+01;
1654440600;3.5000000000e+01;
1654441200;3.5000000000e+01;
1654441800;3.5000000000e+01;
1654442400;3.5000000000e+01;
1654443000;3.5500034135e+01;
1654443600;3.5220337048e+01;
1654444200;3.6000000000e+01;
1654444800;3.6000000000e+01;
1654445400;3.6220146287e+01;
1654446000;3.6279886198e+01;
1654446600;3.6720050200e+01;
1654447200;3.6280014340e+01;
1654447800;3.5278432580e+01;
1654448400;3.5000000000e+01;
1654449000;3.5000000000e+01;
1654449600;3.5000000000e+01;
1654450200;3.5000000000e+01;
1654450800;3.5000000000e+01;
1654451400;3.5000000000e+01;
1654452000;3.5000000000e+01;
1654452600;3.5000000000e+01;
1654453200;3.5000000000e+01;
1654453800;3.5000000000e+01;
1654454400;3.5000000000e+01;
1654455000;3.5000000000e+01;
1654455600;3.5000000000e+01;
1654456200;3.5000000000e+01;
1654456800;3.5220283733e+01;
1654457400;3.6000000000e+01;
1654458000;3.5779849913e+01;
1654458600;3.5000000000e+01;
1654459200;3.5000000000e+01;
1654459800;3.5000000000e+01;
1654460400;3.5000000000e+01;
1654461000;3.5000000000e+01;
1654461600;3.5000000000e+01;
1654462200;3.5000000000e+01;
1654462800;3.5000000000e+01;
1654463400;3.5500070845e+01;
1654464000;3.5000000000e+01;
1654464600;3.5000000000e+01;
1654465200;3.5720597637e+01;
1654465800;3.6000000000e+01;
1654466400;3.6000000000e+01;
1654467000;3.5499955460e+01;
1654467600;3.6280000965e+01;
1654468200;3.5720028762e+01;
1654468800;3.5280034402e+01;
1654469400;3.5943006608e+01;
1654470000;3.7500039758e+01;
1654470600;3.6057321602e+01;
1654471200;3.5000000000e+01;
1654471800;3.5500029405e+01;
1654472400;3.5000000000e+01;
1654473000;3.4778937495e+01;
1654473600;3.4000000000e+01;
1654474200;3.4720961155e+01;
1654474800;3.4499970010e+01;
1654475400;3.5000000000e+01;
1654476000;3.5000000000e+01;
1654476600;3.4779342352e+01;
1654477200;3.4500037255e+01;
1654477800;3.4220530368e+01;
1654478400;3.5000000000e+01;
1654479000;3.5000000000e+01;
1654479600;3.4779786285e+01;
1654480200;3.4720171975e+01;
1654480800;3.5000000000e+01;
1654481400;3.4779993038e+01;
1654482000;3.4000000000e+01;
1654482600;3.4000000000e+01;
1654483200;3.4721462433e+01;
1654483800;3.5000000000e+01;
1654484400;3.5500058893e+01;
1654485000;3.4499949543e+01;
1654485600;3.5000000000e+01;
1654486200;3.5000000000e+01;
1654486800;3.4779165052e+01;
1654487400;3.4720797915e+01;
1654488000;3.5000000000e+01;
1654488600;3.5000000000e+01;
1654489200;3.4499966268e+01;
1654489800;3.5000000000e+01;
1654490400;3.4499970070e+01;
1654491000;3.4779622922e+01;
1654491600;3.4720344880e+01;
1654492200;3.5000000000e+01;
1654492800;3.4779945183e+01;
1654493400;3.4720015697e+01;
1654494000;3.5000000000e+01;
1654494600;3.5000000000e+01;
1654495200;3.5000000000e+01;
1654495800;3.5000000000e+01;
1654496400;3.5000000000e+01;
1654497000;3.5000000000e+01;
1654497600;3.5000000000e+01;
1654498200;3.5000000000e+01;
1654498800;3.5000000000e+01;
1654499400;3.5000000000e+01;
1654500000;3.4499962937e+01;
1654500600;3.4779527998e+01;
1654501200;3.4720416168e+01;
1654501800;3.5000000000e+01;
1654502400;3.5000000000e+01;
1654503000;3.5000000000e+01;
1654503600;3.5000000000e+01;
1654504200;3.5000000000e+01;
1654504800;3.5000000000e+01;
1654505400;3.5000000000e+01;
1654506000;3.5000000000e+01;
1654506600;3.5000000000e+01;
1654507200;3.5000000000e+01;
1654507800;3.5000000000e+01;
1654508400;3.5000000000e+01;
1654509000;3.5000000000e+01;
1654509600;3.5000000000e+01;
1654510200;3.5000000000e+01;
1654510800;3.5000000000e+01;
1654511400;3.5000000000e+01;
1654512000;3.5000000000e+01;
1654512600;3.5000000000e+01;
1654513200;3.5000000000e+01;
1654513800;3.4499965382e+01;
1654514400;3.5220267017e+01;
1654515000;3.5279770670e+01;
1654515600;3.5220137238e+01;
1654516200;3.5279899473e+01;
1654516800;3.5000000000e+01;
1654517400;3.5000000000e+01;
1654518000;3.5000000000e+01;
1654518600;3.5221271555e+01;
1654519200;3.5278897448e+01;
1654519800;3.5000000000e+01;
1654520400;3.5000000000e+01;
1654521000;3.5000000000e+01;
1654521600;3.5000000000e+01;
1654522200;3.5500031795e+01;
1654522800;3.5000000000e+01;
1654523400;3.5000000000e+01;
1654524000;3.5500035532e+01;
1654524600;3.5000000000e+01;
1654525200;3.5500042617e+01;
1654525800;3.5220148813e+01;
1654526400;3.5279882540e+01;
1654527000;3.5500032362e+01;
1654527600;3.5219951347e+01;
1654528200;3.5278486063e+01;
1654528800;3.5221253973e+01;
1654529400;3.5278805763e+01;
1654530000;3.5000000000e+01;
1654530600;3.5000000000e+01;
1654531200;3.5220825730e+01;
1654531800;3.5279209968e+01;
1654532400;3.5000000000e+01;
1654533000;3.5000000000e+01;
1654533600;3.5000000000e+01;
1654534200;3.5000000000e+01;
1654534800;3.5000000000e+01;
1654535400;3.5000000000e+01;
1654536000;3.5000000000e+01;
1654536600;3.5000000000e+01;
1654537200;3.5000000000e+01;
1654537800;3.5000000000e+01;
1654538400;3.5000000000e+01;
1654539000;3.5219971085e+01;
1654539600;3.5278406525e+01;
1654540200;3.5000000000e+01;
1654540800;3.5000000000e+01;
1654541400;3.5000000000e+01;
1654542000;3.5000000000e+01;
1654542600;3.5000000000e+01;
1654543200;3.5000000000e+01;
1654543800;3.5000000000e+01;
1654544400;3.5441482200e+01;
1654545000;3.6279293347e+01;
1654545600;3.6000000000e+01;
1654546200;3.5779449778e+01;
1654546800;3.5000000000e+01;
1654547400;3.5000000000e+01;
1654548000;3.5000000000e+01;
1654548600;3.5000000000e+01;
1654549200;3.5000000000e+01;
1654549800;3.5000000000e+01;
1654550400;3.5000000000e+01;
1654551000;3.5000000000e+01;
1654551600;3.5000000000e+01;
1654552200;3.5000000000e+01;
1654552800;3.5000000000e+01;
1654553400;3.5000000000e+01;
1654554000;3.4499942573e+01;
1654554600;3.4499858573e+01;
1654555200;3.5000000000e+01;
1654555800;3.5000000000e+01;
1654556400;3.5000000000e+01;
1654557000;3.5000000000e+01;
1654557600;3.5000000000e+01;
1654558200;3.4279660113e+01;
1654558800;3.4220244603e+01;
1654559400;3.4779817397e+01;
1654560000;3.4720129520e+01;
1654560600;3.4779964353e+01;
1654561200;3.4219883428e+01;
1654561800;3.5000000000e+01;
1654562400;3.5000000000e+01;
1654563000;3.4499967302e+01;
1654563600;3.5000000000e+01;
1654564200;3.4778876835e+01;
1654564800;3.4721089853e+01;
1654565400;3.5000000000e+01;
1654566000;3.5000000000e+01;
1654566600;3.5000000000e+01;
1654567200;3.5000000000e+01;
1654567800;3.5000000000e+01;
1654568400;3.5000000000e+01;
1654569000;3.5000000000e+01;
1654569600;3.5000000000e+01;
1654570200;3.5000000000e+01;
1654570800;3.5000000000e+01;
1654571400;3.5000000000e+01;
1654572000;3.5000000000e+01;
1654572600;3.5000000000e+01;
1654573200;3.5000000000e+01;
1654573800;3.5000000000e+01;
1654574400;3.5000000000e+01;
1654575000;3.5000000000e+01;
1654575600;3.5000000000e+01;
1654576200;3.5000000000e+01;
1654576800;3.5721175853e+01;
1654577400;3.5499948310e+01;
1654578000;3.6000000000e+01;
1654578600;3.6500036125e+01;
1654579200;3.6000000000e+01;
1654579800;3.6000000000e+01;
1654580400;3.6000000000e+01;
1654581000;3.6720337147e+01;
1654581600;3.6279727620e+01;
1654582200;3.5779825795e+01;
1654582800;3.5000000000e+01;
1654583400;3.5000000000e+01;
1654584000;3.5000000000e+01;
1654584600;3.5000000000e+01;
1654585200;3.5721351922e+01;
1654585800;3.6000000000e+01;
1654586400;3.5278851727e+01;
1654587000;3.5000000000e+01;
1654587600;3.5000000000e+01;
1654588200;3.5000000000e+01;
1654588800;3.4779647870e+01;
1654589400;3.4720311208e+01;
1654590000;3.4279793758e+01;
1654590600;3.4498376385e+01;
1654591200;3.4721546557e+01;
1654591800;3.4499963173e+01;
1654592400;3.5000000000e+01;
1654593000;3.5000000000e+01;
1654593600;3.5000000000e+01;
1654594200;3.5000000000e+01;
1654594800;3.5000000000e+01;
1654595400;3.4499962267e+01;
1654596000;3.5000000000e+01;
1654596600;3.5000000000e+01;
1654597200;3.5000000000e+01;
1654597800;3.5000000000e+01;
1654598400;3.5000000000e+01;
1654599000;3.5000000000e+01;
1654599600;3.5000000000e+01;
1654600200;3.5000000000e+01;
1654600800;3.4499972262e+01;
1654601400;3.5000000000e+01;
1654602000;3.5000000000e+01;
1654602600;3.5000000000e+01;
1654603200;3.5000000000e+01;
1654603800;3.5000000000e+01;
1654604400;3.5000000000e+01;
1654605000;3.5000000000e+01;
1654605600;3.5000000000e+01;
1654606200;3.5000000000e+01;
1654606800;3.5000000000e+01;
1654607400;3.5000000000e+01;
1654608000;3.5000000000e+01;
1654608600;3.5000000000e+01;
1654609200;3.5000000000e+01;
1654609800;3.5000000000e+01;
1654610400;3.5220624878e+01;
1654611000;3.5279404822e+01;
1654611600;3.5000000000e+01;
1654612200;3.5500030705e+01;
1654612800;3.5000000000e+01;
1654613400;3.5220168213e+01;
1654614000;3.5279875997e+01;
1654614600;3.5000000000e+01;
1654615200;3.5000000000e+01;
1654615800;3.5000000000e+01;
1654616400;3.5500216672e+01;
1654617000;3.5721084807e+01;
1654617600;3.5499947842e+01;
1654618200;3.5779215955e+01;
1654618800;3.5000000000e+01;
1654619400;3.5000000000e+01;
1654620000;3.5000000000e+01;
1654620600;3.5720402882e+01;
1654621200;3.5499979918e+01;
1654621800;3.5499872143e+01;
1654622400;3.5499968328e+01;
1654623000;3.5280002303e+01;
1654623600;3.5000000000e+01;
1654624200;3.5000000000e+01;
1654624800;3.5221307302e+01;
1654625400;3.5278747858e+01;
1654626000;3.5000000000e+01;
1654626600;3.5000000000e+01;
1654627200;3.5000000000e+01;
1654627800;3.5220761615e+01;
1654628400;3.5279269493e+01;
1654629000;3.5000000000e+01;
1654629600;3.5000000000e+01;
1654630200;3.5220403110e+01;
1654630800;3.5779663182e+01;
1654631400;3.5000000000e+01;
1654632000;3.5000000000e+01;
1654632600;3.5000000000e+01;
1654633200;3.5000000000e+01;
1654633800;3.5221459503e+01;
1654634400;3.5278573003e+01;
1654635000;3.5000000000e+01;
1654635600;3.5000000000e+01;
1654636200;3.5000000000e+01;
1654636800;3.5000000000e+01;
1654637400;3.5000000000e+01;
1654638000;3.5000000000e+01;
1654638600;3.5000000000e+01;
1654639200;3.5000000000e+01;
1654639800;3.5000000000e+01;
1654640400;3.5000000000e+01;
1654641000;3.5000000000e+01;
1654641600;3.5000000000e+01;
1654642200;3.5000000000e+01;
1654642800;3.5000000000e+01;
1654643400;3.5000000000e+01;
1654644000;3.5000000000e+01;
1654644600;3.5000000000e+01;
1654645200;3.5000000000e+01;
1654645800;3.5000000000e+01;
1654646400;3.5000000000e+01;
1654647000;3.5000000000e+01;
1654647600;3.5000000000e+01;
1654648200;3.5000000000e+01;
1654648800;3.5000000000e+01;
1654649400;3.5000000000e+01;
1654650000;3.5000000000e+01;
1654650600;3.5000000000e+01;
1654651200;3.5000000000e+01;
1654651800;3.5000000000e+01;
1654652400;3.5000000000e+01;
1654653000;3.5000000000e+01;
1654653600;3.5000000000e+01;
1654654200;3.5000000000e+01;
1654654800;3.5000000000e+01;
1654655400;3.5000000000e+01;
1654656000;3.5000000000e+01;
1654656600;3.5000000000e+01;
1654657200;3.5000000000e+01;
1654657800;3.5000000000e+01;
1654658400;3.5000000000e+01;
1654659000;3.5000000000e+01;
1654659600;3.5000000000e+01;
1654660200;3.5000000000e+01;
1654660800;3.5000000000e+01;
1654661400;3.5000000000e+01;
1654662000;3.5000000000e+01;
1654662600;3.5000000000e+01;
1654663200;3.5000000000e+01;
1654663800;3.5000000000e+01;
1654664400;3.5000000000e+01;
1654665000;3.5000000000e+01;
1654665600;3.5000000000e+01;
1654666200;3.5000000000e+01;
1654666800;3.5000000000e+01;
1654667400;3.5000000000e+01;
1654668000;3.5000000000e+01;
1654668600;3.5000000000e+01;
1654669200;3.5000000000e+01;
1654669800;3.5000000000e+01;
1654670400;3.5000000000e+01;
1654671000;3.5000000000e+01;
1654671600;3.5000000000e+01;
1654672200;3.5000000000e+01;
1654672800;3.5000000000e+01;
1654673400;3.5000000000e+01;
1654674000;3.5000000000e+01;
1654674600;3.5220375577e+01;
1654675200;3.5279651988e+01;
1654675800;3.5000000000e+01;
1654676400;3.5000000000e+01;
1654677000;3.5000000000e+01;
1654677600;3.5720067187e+01;
1654678200;3.5499965298e+01;
1654678800;3.6000000000e+01;
1654679400;3.5499955257e+01;
1654680000;3.6000000000e+01;
1654680600;3.6000000000e+01;
1654681200;3.6000000000e+01;
1654681800;3.6000000000e+01;
1654682400;3.5499925177e+01;
1654683000;3.6000000000e+01;
1654683600;3.5499930058e+01;
1654684200;3.6000000000e+01;
1654684800;3.6000000000e+01;
1654685400;3.6000000000e+01;
1654686000;3.6000000000e+01;
1654686600;3.6000000000e+01;
1654687200;3.6000000000e+01;
1654687800;3.6000000000e+01;
1654688400;3.6000000000e+01;
1654689000;3.6000000000e+01;
1654689600;3.6000000000e+01;
1654690200;3.6000000000e+01;
1654690800;3.6000000000e+01;
1654691400;3.5499975850e+01;
1654692000;3.6000000000e+01;
1654692600;3.5499725647e+01;
1654693200;3.6000000000e+01;
1654693800;3.6000000000e+01;
1654694400;3.6000000000e+01;
1654695000;3.6000000000e+01;
1654695600;3.6000000000e+01;
1654696200;3.5779689468e+01;
1654696800;3.5000000000e+01;
1654697400;3.5000000000e+01;
1654698000;3.5000000000e+01;
1654698600;3.5000000000e+01;
1654699200;3.5000000000e+01;
1654699800;3.5000000000e+01;
1654700400;3.5000000000e+01;
1654701000;3.5000000000e+01;
1654701600;3.5721394662e+01;
1654702200;3.6000000000e+01;
1654702800;3.6000000000e+01;
1654703400;3.5278804907e+01;
1654704000;3.5000000000e+01;
1654704600;3.5000000000e+01;
1654705200;3.5000000000e+01;
1654705800;3.5720916057e+01;
1654706400;3.6000000000e+01;
1654707000;3.5279414060e+01;
1654707600;3.5000000000e+01;
1654708200;3.5000000000e+01;
1654708800;3.5500035957e+01;
1654709400;3.5220282502e+01;
1654710000;3.6000000000e+01;
1654710600;3.6000000000e+01;
1654711200;3.6000000000e+01;
1654711800;3.6720056863e+01;
1654712400;3.6280009703e+01;
1654713000;3.6000000000e+01;
1654713600;3.6000000000e+01;
1654714200;3.6221376152e+01;
1654714800;3.6278655348e+01;
1654715400;3.6000000000e+01;
1654716000;3.6000000000e+01;
1654716600;3.6000000000e+01;
1654717200;4.0263455525e+01;
1654717800;3.7037165402e+01;
1654718400;3.6000000000e+01;
1654719000;3.5679283175e+01;
1654719600;3.5000000000e+01;
1654720200;3.5000000000e+01;
1654720800;3.5000000000e+01;
1654721400;3.5320237882e+01;
1654722000;3.5179797538e+01;
1654722600;3.5000000000e+01;
1654723200;3.5000000000e+01;
1654723800;3.5821574727e+01;
1654724400;3.6000000000e+01;
1654725000;3.5178579413e+01;
1654725600;3.5000000000e+01;
1654726200;3.5000000000e+01;
1654726800;3.5000000000e+01;
1654727400;3.5000000000e+01;
1654728000;3.5000000000e+01;
1654728600;3.5000000000e+01;
1654729200;3.5000000000e+01;
1654729800;3.5000000000e+01;
1654730400;3.5320851033e+01;
1654731000;3.5679211773e+01;
1654731600;3.5820756673e+01;
1654732200;3.6000000000e+01;
1654732800;3.5179378875e+01;
1654733400;3.5000000000e+01;
1654734000;3.5000000000e+01;
1654734600;3.5000000000e+01;
1654735200;3.5000000000e+01;
1654735800;3.5000000000e+01;
1654736400;3.5000000000e+01;
1654737000;3.4679981920e+01;
1654737600;3.4819994052e+01;
1654738200;3.4678472760e+01;
1654738800;3.4821494943e+01;
1654739400;3.5000000000e+01;
1654740000;3.5000000000e+01;
1654740600;3.4499968638e+01;
1654741200;3.4499955963e+01;
1654741800;3.4678852703e+01;
1654742400;3.4821110183e+01;
1654743000;3.5000000000e+01;
1654743600;3.5000000000e+01;
1654744200;3.5000000000e+01;
1654744800;3.4679170907e+01;
1654745400;3.4320767410e+01;
1654746000;3.4679296293e+01;
1654746600;3.4500037893e+01;
1654747200;3.4820605585e+01;
1654747800;3.5000000000e+01;
1654748400;3.4679563172e+01;
1654749000;3.4320354370e+01;
1654749600;3.4679701770e+01;
1654750200;3.4820272643e+01;
1654750800;3.5000000000e+01;
1654751400;3.5000000000e+01;
1654752000;3.5000000000e+01;
1654752600;3.5000000000e+01;
1654753200;3.4499947215e+01;
1654753800;3.5000000000e+01;
1654754400;3.5000000000e+01;
1654755000;3.5000000000e+01;
1654755600;3.5000000000e+01;
1654756200;3.5000000000e+01;
1654756800;3.5000000000e+01;
1654757400;3.5000000000e+01;
1654758000;3.5000000000e+01;
1654758600;3.5000000000e+01;
1654759200;3.5000000000e+01;
1654759800;3.5000000000e+01;
1654760400;3.5000000000e+01;
1654761000;3.5000000000e+01;
1654761600;3.5500036397e+01;
1654762200;3.5000000000e+01;
1654762800;3.5000000000e+01;
1654763400;3.5500035238e+01;
1654764000;3.5000000000e+01;
1654764600;3.5000000000e+01;
1654765200;3.5000000000e+01;
1654765800;3.5000000000e+01;
1654766400;3.5000000000e+01;
1654767000;3.5000000000e+01;
1654767600;3.5320557927e+01;
1654768200;3.5179487512e+01;
1654768800;3.5500037338e+01;
1654769400;3.5000000000e+01;
1654770000;3.5000000000e+01;
1654770600;3.5000000000e+01;
1654771200;3.5000000000e+01;
1654771800;3.6460275505e+01;
1654772400;3.5539854725e+01;
1654773000;3.5500053003e+01;
1654773600;3.4678596267e+01;
1654774200;3.5142681542e+01;
1654774800;3.5499969960e+01;
1654775400;3.5499962568e+01;
1654776000;3.5178846523e+01;
1654776600;3.5821085892e+01;
1654777200;3.5178980062e+01;
1654777800;3.5000000000e+01;
1654778400;3.5500034823e+01;
1654779000;3.5000000000e+01;
1654779600;3.5000000000e+01;
1654780200;3.5820649062e+01;
1654780800;3.5179423288e+01;
1654781400;3.5000000000e+01;
1654782000;3.5500028135e+01;
1654782600;3.5000000000e+01;
1654783200;3.5320254580e+01;
1654783800;3.5179782050e+01;
1654784400;3.5000000000e+01;
1654785000;3.5000000000e+01;
1654785600;3.5500031998e+01;
1654786200;3.5500055635e+01;
1654786800;3.5000000000e+01;
1654787400;3.5500052835e+01;
1654788000;3.5321096493e+01;
1654788600;3.5178974888e+01;
1654789200;3.5820951178e+01;
1654789800;3.5679311492e+01;
1654790400;3.5820646183e+01;
1654791000;3.5679505117e+01;
1654791600;3.5000000000e+01;
1654792200;3.5820339493e+01;
1654792800;3.5499948228e+01;
1654793400;3.6000000000e+01;
1654794000;3.5179950445e+01;
1654794600;3.5319955945e+01;
1654795200;3.5178426137e+01;
1654795800;3.5000000000e+01;
1654796400;3.5500051310e+01;
1654797000;3.5000000000e+01;
1654797600;3.5500031658e+01;
1654798200;3.5000000000e+01;
1654798800;3.5820878512e+01;
1654799400;3.5179192823e+01;
1654800000;3.5000000000e+01;
1654800600;3.5000000000e+01;
1654801200;3.5000000000e+01;
1654801800;3.5500044800e+01;
1654802400;3.5000000000e+01;
1654803000;3.5000000000e+01;
1654803600;3.5000000000e+01;
1654804200;3.5320143995e+01;
1654804800;3.5179895780e+01;
1654805400;3.5320006542e+01;
1654806000;3.5180024008e+01;
1654806600;3.5000000000e+01;
1654807200;3.5000000000e+01;
1654807800;3.5000000000e+01;
1654808400;3.5000000000e+01;
1654809000;3.5000000000e+01;
1654809600;3.5000000000e+01;
1654810200;3.5500033875e+01;
1654810800;3.5000000000e+01;
1654811400;3.5000000000e+01;
1654812000;3.5000000000e+01;
1654812600;3.5000000000e+01;
1654813200;3.5000000000e+01;
1654813800;3.5000000000e+01;
1654814400;3.5000000000e+01;
1654815000;3.5000000000e+01;
1654815600;3.5000000000e+01;
1654816200;3.5320122285e+01;
1654816800;3.5179911333e+01;
1654817400;3.5000000000e+01;
1654818000;3.5000000000e+01;
1654818600;3.5000000000e+01;
1654819200;3.5000000000e+01;
1654819800;3.5000000000e+01;
1654820400;3.5500052685e+01;
1654821000;3.5000000000e+01;
1654821600;3.5000000000e+01;
1654822200;3.5000000000e+01;
1654822800;3.5000000000e+01;
1654823400;3.5000000000e+01;
1654824000;3.5000000000e+01;
1654824600;3.5000000000e+01;
1654825200;3.5000000000e+01;
1654825800;3.5000000000e+01;
1654826400;3.5000000000e+01;
1654827000;3.5000000000e+01;
1654827600;3.5000000000e+01;
1654828200;3.5000000000e+01;
1654828800;3.5000000000e+01;
1654829400;3.5000000000e+01;
1654830000;3.5000000000e+01;
1654830600;3.5000000000e+01;
1654831200;3.5000000000e+01;
1654831800;3.5000000000e+01;
1654832400;3.5000000000e+01;
1654833000;3.5000000000e+01;
1654833600;3.5000000000e+01;
1654834200;3.5000000000e+01;
1654834800;3.5000000000e+01;
1654835400;3.5000000000e+01;
1654836000;3.5000000000e+01;
1654836600;3.5000000000e+01;
1654837200;3.5000000000e+01;
1654837800;3.5000000000e+01;
1654838400;3.5000000000e+01;
1654839000;3.5000000000e+01;
1654839600;3.5000000000e+01;
1654840200;3.5000000000e+01;
1654840800;3.5000000000e+01;
1654841400;3.5000000000e+01;
1654842000;3.5000000000e+01;
1654842600;3.5000000000e+01;
1654843200;3.5000000000e+01;
1654843800;3.5000000000e+01;
1654844400;3.5000000000e+01;
1654845000;3.5000000000e+01;
1654845600;3.5000000000e+01;
1654846200;3.5320956700e+01;
1654846800;3.5179125315e+01;
1654847400;3.5000000000e+01;
1654848000;3.5000000000e+01;
1654848600;3.5000000000e+01;
1654849200;3.5000000000e+01;
1654849800;3.5000000000e+01;
1654850400;3.5000000000e+01;
1654851000;3.5000000000e+01;
1654851600;3.5000000000e+01;
1654852200;3.5000000000e+01;
1654852800;3.5000000000e+01;
1654853400;3.5000000000e+01;
1654854000;3.5000000000e+01;
